2017-03-10 19:45:23 zoe.xeo joo336 ##############################################################################################################
2017-03-10 19:45:23.72284 HEL030 Current character set: utf8;
2017-03-10 19:45:23.72290 SELECT * FROM `st_stamm` WHERE `selbst` = '5172';
2017-03-10 19:45:23.72347 SELECT * FROM `st_stamm` WHERE `selbst` = '5172';
2017-03-10 19:45:23.72389 SELECT * FROM `st_stamm` WHERE `selbst` = '1291';
2017-03-10 19:45:23.72425 SELECT * FROM `st_stamm` WHERE `selbst` = '1335';
2017-03-10 19:45:23.72458 SELECT * FROM `st_stamm` WHERE `selbst` = '2072';
2017-03-10 19:45:23.72496 SELECT * FROM `st_stamm` WHERE `selbst` = '2072';
2017-03-10 19:45:23.72515 SELECT * FROM `st_stamm` WHERE `selbst` = '1335';
2017-03-10 19:45:23.72533 SELECT * FROM `st_stamm` WHERE `selbst` = '2073';
2017-03-10 19:45:23.72550 SELECT * FROM `st_stamm` WHERE `selbst` = '2073';
2017-03-10 19:45:23.72568 SELECT * FROM `st_stamm` WHERE `selbst` = '1291';
2017-03-10 19:45:23.72585 SELECT * FROM `st_stamm` WHERE `selbst` = '1336';
2017-03-10 19:45:23.72602 SELECT * FROM `st_stamm` WHERE `selbst` = '2074';
2017-03-10 19:45:23.72618 SELECT * FROM `st_stamm` WHERE `selbst` = '2074';
2017-03-10 19:45:23.72635 SELECT * FROM `st_stamm` WHERE `selbst` = '1336';
2017-03-10 19:45:23.72653 SELECT * FROM `st_stamm` WHERE `selbst` = '2075';
2017-03-10 19:45:23.72669 SELECT * FROM `st_stamm` WHERE `selbst` = '2075';
2017-03-10 19:45:23.72687 SELECT * FROM `st_stamm` WHERE `selbst` = '5172';
2017-03-10 19:45:23.72703 SELECT * FROM `st_stamm` WHERE `selbst` = '75';
2017-03-10 19:45:23.72720 SELECT * FROM `st_stamm` WHERE `selbst` = '1';
2017-03-10 19:45:23.72738 SELECT * FROM `st_stamm` WHERE `selbst` = '2';
2017-03-10 19:45:23.72755 SELECT * FROM `st_stamm` WHERE `selbst` = '2';
2017-03-10 19:45:23.72772 SELECT * FROM `st_stamm` WHERE `selbst` = '1';
2017-03-10 19:45:23.72789 SELECT * FROM `st_stamm` WHERE `selbst` = '3';
2017-03-10 19:45:23.72806 SELECT * FROM `st_stamm` WHERE `selbst` = '4';
2017-03-10 19:45:23.72823 SELECT * FROM `st_stamm` WHERE `selbst` = '6';
2017-03-10 19:45:23.72840 SELECT * FROM `st_stamm` WHERE `selbst` = '140';
2017-03-10 19:45:23.72859 SELECT * FROM `st_stamm` WHERE `selbst` = '195';
2017-03-10 19:45:23.72877 SELECT * FROM `st_stamm` WHERE `selbst` = '227';
2017-03-10 19:45:23.72897 SELECT * FROM `st_stamm` WHERE `selbst` = '237';
2017-03-10 19:45:23.72915 SELECT * FROM `st_stamm` WHERE `selbst` = '263';
2017-03-10 19:45:23.72932 SELECT * FROM `st_stamm` WHERE `selbst` = '266';
2017-03-10 19:45:23.72949 SELECT * FROM `st_stamm` WHERE `selbst` = '279';
2017-03-10 19:45:23.72966 SELECT * FROM `st_stamm` WHERE `selbst` = '280';
2017-03-10 19:45:23.72982 SELECT * FROM `st_stamm` WHERE `selbst` = '281';
2017-03-10 19:45:23.72999 SELECT * FROM `st_stamm` WHERE `selbst` = '281';
2017-03-10 19:45:23.73016 SELECT * FROM `st_stamm` WHERE `selbst` = '280';
2017-03-10 19:45:23.73033 SELECT * FROM `st_stamm` WHERE `selbst` = '279';
2017-03-10 19:45:23.73050 SELECT * FROM `st_stamm` WHERE `selbst` = '266';
2017-03-10 19:45:23.73067 SELECT * FROM `st_stamm` WHERE `selbst` = '263';
2017-03-10 19:45:23.73085 SELECT * FROM `st_stamm` WHERE `selbst` = '268';
2017-03-10 19:45:23.73102 SELECT * FROM `st_stamm` WHERE `selbst` = '268';
2017-03-10 19:45:23.73119 SELECT * FROM `st_stamm` WHERE `selbst` = '237';
2017-03-10 19:45:23.73136 SELECT * FROM `st_stamm` WHERE `selbst` = '264';
2017-03-10 19:45:23.73153 SELECT * FROM `st_stamm` WHERE `selbst` = '265';
2017-03-10 19:45:23.73169 SELECT * FROM `st_stamm` WHERE `selbst` = '265';
2017-03-10 19:45:23.73186 SELECT * FROM `st_stamm` WHERE `selbst` = '264';
2017-03-10 19:45:23.73203 SELECT * FROM `st_stamm` WHERE `selbst` = '227';
2017-03-10 19:45:23.73220 SELECT * FROM `st_stamm` WHERE `selbst` = '238';
2017-03-10 19:45:23.73237 SELECT * FROM `st_stamm` WHERE `selbst` = '238';
2017-03-10 19:45:23.73256 SELECT * FROM `st_stamm` WHERE `selbst` = '195';
2017-03-10 19:45:23.73273 SELECT * FROM `st_stamm` WHERE `selbst` = '226';
2017-03-10 19:45:23.73298 SELECT * FROM `st_stamm` WHERE `selbst` = '226';
2017-03-10 19:45:23.73323 SELECT * FROM `st_stamm` WHERE `selbst` = '140';
2017-03-10 19:45:23.73344 SELECT * FROM `st_stamm` WHERE `selbst` = '196';
2017-03-10 19:45:23.73362 SELECT * FROM `st_stamm` WHERE `selbst` = '196';
2017-03-10 19:45:23.73380 SELECT * FROM `st_stamm` WHERE `selbst` = '6';
2017-03-10 19:45:23.73398 SELECT * FROM `st_stamm` WHERE `selbst` = '193';
2017-03-10 19:45:23.73414 SELECT * FROM `st_stamm` WHERE `selbst` = '194';
2017-03-10 19:45:23.73432 SELECT * FROM `st_stamm` WHERE `selbst` = '194';
2017-03-10 19:45:23.73456 SELECT * FROM `st_stamm` WHERE `selbst` = '193';
2017-03-10 19:45:23.73475 SELECT * FROM `st_stamm` WHERE `selbst` = '4';
2017-03-10 19:45:23.73492 SELECT * FROM `st_stamm` WHERE `selbst` = '7';
2017-03-10 19:45:23.73510 SELECT * FROM `st_stamm` WHERE `selbst` = '7';
2017-03-10 19:45:23.73528 SELECT * FROM `st_stamm` WHERE `selbst` = '3';
2017-03-10 19:45:23.73546 SELECT * FROM `st_stamm` WHERE `selbst` = '5';
2017-03-10 19:45:23.73563 SELECT * FROM `st_stamm` WHERE `selbst` = '8';
2017-03-10 19:45:23.73581 SELECT * FROM `st_stamm` WHERE `selbst` = '980';
2017-03-10 19:45:23.73598 SELECT * FROM `st_stamm` WHERE `selbst` = '980';
2017-03-10 19:45:23.73616 SELECT * FROM `st_stamm` WHERE `selbst` = '8';
2017-03-10 19:45:23.73634 SELECT * FROM `st_stamm` WHERE `selbst` = '981';
2017-03-10 19:45:23.73652 SELECT * FROM `st_stamm` WHERE `selbst` = '981';
2017-03-10 19:45:23.73670 SELECT * FROM `st_stamm` WHERE `selbst` = '5';
2017-03-10 19:45:23.73690 SELECT * FROM `st_stamm` WHERE `selbst` = '9';
2017-03-10 19:45:23.73708 SELECT * FROM `st_stamm` WHERE `selbst` = '983';
2017-03-10 19:45:23.73726 SELECT * FROM `st_stamm` WHERE `selbst` = '983';
2017-03-10 19:45:23.73744 SELECT * FROM `st_stamm` WHERE `selbst` = '9';
2017-03-10 19:45:23.73762 SELECT * FROM `st_stamm` WHERE `selbst` = '982';
2017-03-10 19:45:23.73779 SELECT * FROM `st_stamm` WHERE `selbst` = '982';
2017-03-10 19:45:23.73798 SELECT * FROM `st_stamm` WHERE `selbst` = '75';
2017-03-10 19:45:23.73815 SELECT * FROM `st_stamm` WHERE `selbst` = '10';
2017-03-10 19:45:23.73832 SELECT * FROM `st_stamm` WHERE `selbst` = '27';
2017-03-10 19:45:23.73849 SELECT * FROM `st_stamm` WHERE `selbst` = '31';
2017-03-10 19:45:23.73868 SELECT * FROM `st_stamm` WHERE `selbst` = '1005';
2017-03-10 19:45:23.73888 SELECT * FROM `st_stamm` WHERE `selbst` = '1007';
2017-03-10 19:45:23.73908 SELECT * FROM `st_stamm` WHERE `selbst` = '1007';
2017-03-10 19:45:23.73925 SELECT * FROM `st_stamm` WHERE `selbst` = '1017';
2017-03-10 19:45:23.73944 SELECT * FROM `st_stamm` WHERE `selbst` = '1027';
2017-03-10 19:45:23.73963 SELECT * FROM `st_stamm` WHERE `selbst` = '1027';
2017-03-10 19:45:23.73981 SELECT * FROM `st_stamm` WHERE `selbst` = '1017';
2017-03-10 19:45:23.74000 SELECT * FROM `st_stamm` WHERE `selbst` = '1028';
2017-03-10 19:45:23.74019 SELECT * FROM `st_stamm` WHERE `selbst` = '1028';
2017-03-10 19:45:23.74038 SELECT * FROM `st_stamm` WHERE `selbst` = '1005';
2017-03-10 19:45:23.74079 SELECT * FROM `st_stamm` WHERE `selbst` = '1008';
2017-03-10 19:45:23.74122 SELECT * FROM `st_stamm` WHERE `selbst` = '1018';
2017-03-10 19:45:23.74151 SELECT * FROM `st_stamm` WHERE `selbst` = '1029';
2017-03-10 19:45:23.74180 SELECT * FROM `st_stamm` WHERE `selbst` = '1029';
2017-03-10 19:45:23.74209 SELECT * FROM `st_stamm` WHERE `selbst` = '1018';
2017-03-10 19:45:23.74236 SELECT * FROM `st_stamm` WHERE `selbst` = '1030';
2017-03-10 19:45:23.74264 SELECT * FROM `st_stamm` WHERE `selbst` = '1030';
2017-03-10 19:45:23.74294 SELECT * FROM `st_stamm` WHERE `selbst` = '1008';
2017-03-10 19:45:23.74322 SELECT * FROM `st_stamm` WHERE `selbst` = '1019';
2017-03-10 19:45:23.74349 SELECT * FROM `st_stamm` WHERE `selbst` = '1031';
2017-03-10 19:45:23.74376 SELECT * FROM `st_stamm` WHERE `selbst` = '1031';
2017-03-10 19:45:23.74404 SELECT * FROM `st_stamm` WHERE `selbst` = '1019';
2017-03-10 19:45:23.74431 SELECT * FROM `st_stamm` WHERE `selbst` = '1032';
2017-03-10 19:45:23.74458 SELECT * FROM `st_stamm` WHERE `selbst` = '1032';
2017-03-10 19:45:23.74489 SELECT * FROM `st_stamm` WHERE `selbst` = '31';
2017-03-10 19:45:23.74507 SELECT * FROM `st_stamm` WHERE `selbst` = '1006';
2017-03-10 19:45:23.74524 SELECT * FROM `st_stamm` WHERE `selbst` = '1009';
2017-03-10 19:45:23.74540 SELECT * FROM `st_stamm` WHERE `selbst` = '1020';
2017-03-10 19:45:23.74556 SELECT * FROM `st_stamm` WHERE `selbst` = '1023';
2017-03-10 19:45:23.74572 SELECT * FROM `st_stamm` WHERE `selbst` = '1023';
2017-03-10 19:45:23.74588 SELECT * FROM `st_stamm` WHERE `selbst` = '1020';
2017-03-10 19:45:23.74605 SELECT * FROM `st_stamm` WHERE `selbst` = '1024';
2017-03-10 19:45:23.74620 SELECT * FROM `st_stamm` WHERE `selbst` = '1025';
2017-03-10 19:45:23.74636 SELECT * FROM `st_stamm` WHERE `selbst` = '1025';
2017-03-10 19:45:23.74652 SELECT * FROM `st_stamm` WHERE `selbst` = '1024';
2017-03-10 19:45:23.74674 SELECT * FROM `st_stamm` WHERE `selbst` = '1009';
2017-03-10 19:45:23.74691 SELECT * FROM `st_stamm` WHERE `selbst` = '1021';
2017-03-10 19:45:23.74708 SELECT * FROM `st_stamm` WHERE `selbst` = '1033';
2017-03-10 19:45:23.74724 SELECT * FROM `st_stamm` WHERE `selbst` = '1033';
2017-03-10 19:45:23.74740 SELECT * FROM `st_stamm` WHERE `selbst` = '1021';
2017-03-10 19:45:23.74756 SELECT * FROM `st_stamm` WHERE `selbst` = '1034';
2017-03-10 19:45:23.74772 SELECT * FROM `st_stamm` WHERE `selbst` = '1035';
2017-03-10 19:45:23.74788 SELECT * FROM `st_stamm` WHERE `selbst` = '1035';
2017-03-10 19:45:23.74804 SELECT * FROM `st_stamm` WHERE `selbst` = '1034';
2017-03-10 19:45:23.74820 SELECT * FROM `st_stamm` WHERE `selbst` = '1006';
2017-03-10 19:45:23.74837 SELECT * FROM `st_stamm` WHERE `selbst` = '1010';
2017-03-10 19:45:23.74852 SELECT * FROM `st_stamm` WHERE `selbst` = '1022';
2017-03-10 19:45:23.74868 SELECT * FROM `st_stamm` WHERE `selbst` = '1052';
2017-03-10 19:45:23.74886 SELECT * FROM `st_stamm` WHERE `selbst` = '1052';
2017-03-10 19:45:23.74903 SELECT * FROM `st_stamm` WHERE `selbst` = '1022';
2017-03-10 19:45:23.74919 SELECT * FROM `st_stamm` WHERE `selbst` = '1053';
2017-03-10 19:45:23.74935 SELECT * FROM `st_stamm` WHERE `selbst` = '1053';
2017-03-10 19:45:23.74953 SELECT * FROM `st_stamm` WHERE `selbst` = '1010';
2017-03-10 19:45:23.74969 SELECT * FROM `st_stamm` WHERE `selbst` = '1026';
2017-03-10 19:45:23.74985 SELECT * FROM `st_stamm` WHERE `selbst` = '1055';
2017-03-10 19:45:23.75002 SELECT * FROM `st_stamm` WHERE `selbst` = '1055';
2017-03-10 19:45:23.75018 SELECT * FROM `st_stamm` WHERE `selbst` = '1026';
2017-03-10 19:45:23.75035 SELECT * FROM `st_stamm` WHERE `selbst` = '27';
2017-03-10 19:45:23.75051 SELECT * FROM `st_stamm` WHERE `selbst` = '32';
2017-03-10 19:45:23.75068 SELECT * FROM `st_stamm` WHERE `selbst` = '1011';
2017-03-10 19:45:23.75084 SELECT * FROM `st_stamm` WHERE `selbst` = '1013';
2017-03-10 19:45:23.75100 SELECT * FROM `st_stamm` WHERE `selbst` = '1063';
2017-03-10 19:45:23.75116 SELECT * FROM `st_stamm` WHERE `selbst` = '1063';
2017-03-10 19:45:23.75132 SELECT * FROM `st_stamm` WHERE `selbst` = '1013';
2017-03-10 19:45:23.75148 SELECT * FROM `st_stamm` WHERE `selbst` = '1064';
2017-03-10 19:45:23.75164 SELECT * FROM `st_stamm` WHERE `selbst` = '1064';
2017-03-10 19:45:23.75180 SELECT * FROM `st_stamm` WHERE `selbst` = '1011';
2017-03-10 19:45:23.75196 SELECT * FROM `st_stamm` WHERE `selbst` = '1014';
2017-03-10 19:45:23.75212 SELECT * FROM `st_stamm` WHERE `selbst` = '1038';
2017-03-10 19:45:23.75228 SELECT * FROM `st_stamm` WHERE `selbst` = '1038';
2017-03-10 19:45:23.75244 SELECT * FROM `st_stamm` WHERE `selbst` = '1014';
2017-03-10 19:45:23.75260 SELECT * FROM `st_stamm` WHERE `selbst` = '1039';
2017-03-10 19:45:23.75276 SELECT * FROM `st_stamm` WHERE `selbst` = '1039';
2017-03-10 19:45:23.75296 SELECT * FROM `st_stamm` WHERE `selbst` = '32';
2017-03-10 19:45:23.75313 SELECT * FROM `st_stamm` WHERE `selbst` = '1012';
2017-03-10 19:45:23.75330 SELECT * FROM `st_stamm` WHERE `selbst` = '1015';
2017-03-10 19:45:23.75348 SELECT * FROM `st_stamm` WHERE `selbst` = '1040';
2017-03-10 19:45:23.75364 SELECT * FROM `st_stamm` WHERE `selbst` = '1040';
2017-03-10 19:45:23.75380 SELECT * FROM `st_stamm` WHERE `selbst` = '1015';
2017-03-10 19:45:23.75398 SELECT * FROM `st_stamm` WHERE `selbst` = '1041';
2017-03-10 19:45:23.75414 SELECT * FROM `st_stamm` WHERE `selbst` = '1042';
2017-03-10 19:45:23.75430 SELECT * FROM `st_stamm` WHERE `selbst` = '1042';
2017-03-10 19:45:23.75448 SELECT * FROM `st_stamm` WHERE `selbst` = '1041';
2017-03-10 19:45:23.75464 SELECT * FROM `st_stamm` WHERE `selbst` = '1043';
2017-03-10 19:45:23.75480 SELECT * FROM `st_stamm` WHERE `selbst` = '1043';
2017-03-10 19:45:23.75496 SELECT * FROM `st_stamm` WHERE `selbst` = '1012';
2017-03-10 19:45:23.75513 SELECT * FROM `st_stamm` WHERE `selbst` = '1016';
2017-03-10 19:45:23.75530 SELECT * FROM `st_stamm` WHERE `selbst` = '1044';
2017-03-10 19:45:23.75546 SELECT * FROM `st_stamm` WHERE `selbst` = '1046';
2017-03-10 19:45:23.75562 SELECT * FROM `st_stamm` WHERE `selbst` = '1046';
2017-03-10 19:45:23.75579 SELECT * FROM `st_stamm` WHERE `selbst` = '1044';
2017-03-10 19:45:23.75595 SELECT * FROM `st_stamm` WHERE `selbst` = '1047';
2017-03-10 19:45:23.75612 SELECT * FROM `st_stamm` WHERE `selbst` = '1047';
2017-03-10 19:45:23.75628 SELECT * FROM `st_stamm` WHERE `selbst` = '1016';
2017-03-10 19:45:23.75644 SELECT * FROM `st_stamm` WHERE `selbst` = '1045';
2017-03-10 19:45:23.75660 SELECT * FROM `st_stamm` WHERE `selbst` = '1048';
2017-03-10 19:45:23.75677 SELECT * FROM `st_stamm` WHERE `selbst` = '1048';
2017-03-10 19:45:23.75698 SELECT * FROM `st_stamm` WHERE `selbst` = '1045';
2017-03-10 19:45:23.75715 SELECT * FROM `st_stamm` WHERE `selbst` = '1049';
2017-03-10 19:45:23.75732 SELECT * FROM `st_stamm` WHERE `selbst` = '1049';
2017-03-10 19:45:23.75749 SELECT * FROM `st_stamm` WHERE `selbst` = '10';
2017-03-10 19:45:23.75767 SELECT * FROM `st_stamm` WHERE `selbst` = '28';
2017-03-10 19:45:23.75783 SELECT * FROM `st_stamm` WHERE `selbst` = '30';
2017-03-10 19:45:23.75799 SELECT * FROM `st_stamm` WHERE `selbst` = '987';
2017-03-10 19:45:23.75817 SELECT * FROM `st_stamm` WHERE `selbst` = '987';
2017-03-10 19:45:23.75833 SELECT * FROM `st_stamm` WHERE `selbst` = '988';
2017-03-10 19:45:23.75851 SELECT * FROM `st_stamm` WHERE `selbst` = '988';
2017-03-10 19:45:23.75868 SELECT * FROM `st_stamm` WHERE `selbst` = '30';
2017-03-10 19:45:23.75884 SELECT * FROM `st_stamm` WHERE `selbst` = '989';
2017-03-10 19:45:23.75906 SELECT * FROM `st_stamm` WHERE `selbst` = '990';
2017-03-10 19:45:23.75923 SELECT * FROM `st_stamm` WHERE `selbst` = '990';
2017-03-10 19:45:23.75940 SELECT * FROM `st_stamm` WHERE `selbst` = '989';
2017-03-10 19:45:23.75956 SELECT * FROM `st_stamm` WHERE `selbst` = '991';
2017-03-10 19:45:23.75972 SELECT * FROM `st_stamm` WHERE `selbst` = '992';
2017-03-10 19:45:23.75988 SELECT * FROM `st_stamm` WHERE `selbst` = '992';
2017-03-10 19:45:23.76004 SELECT * FROM `st_stamm` WHERE `selbst` = '991';
2017-03-10 19:45:23.76020 SELECT * FROM `st_stamm` WHERE `selbst` = '993';
2017-03-10 19:45:23.76035 SELECT * FROM `st_stamm` WHERE `selbst` = '993';
2017-03-10 19:45:23.76052 SELECT * FROM `st_stamm` WHERE `selbst` = '28';
2017-03-10 19:45:23.76067 SELECT * FROM `st_stamm` WHERE `selbst` = '29';
2017-03-10 19:45:23.76087 SELECT * FROM `st_stamm` WHERE `selbst` = '994';
2017-03-10 19:45:23.76107 SELECT * FROM `st_stamm` WHERE `selbst` = '994';
2017-03-10 19:45:23.76125 SELECT * FROM `st_stamm` WHERE `selbst` = '29';
2017-03-10 19:45:23.76143 SELECT * FROM `st_stamm` WHERE `selbst` = '995';
2017-03-10 19:45:23.76160 SELECT * FROM `st_stamm` WHERE `selbst` = '996';
2017-03-10 19:45:23.76177 SELECT * FROM `st_stamm` WHERE `selbst` = '5226';
2017-03-10 19:45:23.76195 SELECT * FROM `st_stamm` WHERE `selbst` = '5226';
2017-03-10 19:45:23.76260 SELECT * FROM `st_stamm` WHERE `selbst` = '996';
2017-03-10 19:45:23.76287 SELECT * FROM `st_stamm` WHERE `selbst` = '1249';
2017-03-10 19:45:23.76307 SELECT * FROM `st_stamm` WHERE `selbst` = '1249';
2017-03-10 19:45:23.76325 SELECT * FROM `st_stamm` WHERE `selbst` = '995';
2017-03-10 19:45:23.76343 SELECT * FROM `st_stamm` WHERE `selbst` = '997';
2017-03-10 19:45:23.76360 SELECT * FROM `st_stamm` WHERE `selbst` = '997';
2017-03-10 19:54:19 zoe.xeo joo336 ##############################################################################################################
2017-03-10 19:54:19.15595 HEL030 Current character set: utf8;
2017-03-10 19:54:19.15601 SELECT * FROM `st_stamm` WHERE `selbst` = '5172';
2017-03-10 19:54:19.15686 SELECT * FROM `st_stamm` WHERE `selbst` = '5172';
2017-03-10 19:54:19.15730 SELECT * FROM `st_stamm` WHERE `selbst` = '1291';
2017-03-10 19:54:19.15766 SELECT * FROM `st_stamm` WHERE `selbst` = '1335';
2017-03-10 19:54:19.15800 SELECT * FROM `st_stamm` WHERE `selbst` = '2072';
2017-03-10 19:54:19.15833 SELECT * FROM `st_stamm` WHERE `selbst` = '2072';
2017-03-10 19:54:19.15865 SELECT * FROM `st_stamm` WHERE `selbst` = '1335';
2017-03-10 19:54:19.15932 SELECT * FROM `st_stamm` WHERE `selbst` = '2073';
2017-03-10 19:54:19.15970 SELECT * FROM `st_stamm` WHERE `selbst` = '2073';
2017-03-10 19:54:19.16004 SELECT * FROM `st_stamm` WHERE `selbst` = '1291';
2017-03-10 19:54:19.16038 SELECT * FROM `st_stamm` WHERE `selbst` = '1336';
2017-03-10 19:54:19.16070 SELECT * FROM `st_stamm` WHERE `selbst` = '2074';
2017-03-10 19:54:19.16122 SELECT * FROM `st_stamm` WHERE `selbst` = '2074';
2017-03-10 19:54:19.16171 SELECT * FROM `st_stamm` WHERE `selbst` = '1336';
2017-03-10 19:54:19.16217 SELECT * FROM `st_stamm` WHERE `selbst` = '2075';
2017-03-10 19:54:19.16261 SELECT * FROM `st_stamm` WHERE `selbst` = '2075';
2017-03-10 19:54:19.16308 SELECT * FROM `st_stamm` WHERE `selbst` = '5172';
2017-03-10 19:54:19.16358 SELECT * FROM `st_stamm` WHERE `selbst` = '75';
2017-03-10 19:54:19.16403 SELECT * FROM `st_stamm` WHERE `selbst` = '1';
2017-03-10 19:54:19.16448 SELECT * FROM `st_stamm` WHERE `selbst` = '2';
2017-03-10 19:54:19.16504 SELECT * FROM `st_stamm` WHERE `selbst` = '2';
2017-03-10 19:54:19.16553 SELECT * FROM `st_stamm` WHERE `selbst` = '1';
2017-03-10 19:54:19.16600 SELECT * FROM `st_stamm` WHERE `selbst` = '3';
2017-03-10 19:54:19.16645 SELECT * FROM `st_stamm` WHERE `selbst` = '4';
2017-03-10 19:54:19.16689 SELECT * FROM `st_stamm` WHERE `selbst` = '6';
2017-03-10 19:54:19.16733 SELECT * FROM `st_stamm` WHERE `selbst` = '140';
2017-03-10 19:54:19.16778 SELECT * FROM `st_stamm` WHERE `selbst` = '195';
2017-03-10 19:54:19.16822 SELECT * FROM `st_stamm` WHERE `selbst` = '227';
2017-03-10 19:54:19.16867 SELECT * FROM `st_stamm` WHERE `selbst` = '237';
2017-03-10 19:54:19.16917 SELECT * FROM `st_stamm` WHERE `selbst` = '263';
2017-03-10 19:54:19.16963 SELECT * FROM `st_stamm` WHERE `selbst` = '266';
2017-03-10 19:54:19.17007 SELECT * FROM `st_stamm` WHERE `selbst` = '279';
2017-03-10 19:54:19.17051 SELECT * FROM `st_stamm` WHERE `selbst` = '280';
2017-03-10 19:54:19.17095 SELECT * FROM `st_stamm` WHERE `selbst` = '281';
2017-03-10 19:54:19.17138 SELECT * FROM `st_stamm` WHERE `selbst` = '281';
2017-03-10 19:54:19.17183 SELECT * FROM `st_stamm` WHERE `selbst` = '280';
2017-03-10 19:54:19.17229 SELECT * FROM `st_stamm` WHERE `selbst` = '279';
2017-03-10 19:54:19.17275 SELECT * FROM `st_stamm` WHERE `selbst` = '266';
2017-03-10 19:54:19.17323 SELECT * FROM `st_stamm` WHERE `selbst` = '263';
2017-03-10 19:54:19.17342 SELECT * FROM `st_stamm` WHERE `selbst` = '268';
2017-03-10 19:54:19.17360 SELECT * FROM `st_stamm` WHERE `selbst` = '268';
2017-03-10 19:54:19.17378 SELECT * FROM `st_stamm` WHERE `selbst` = '237';
2017-03-10 19:54:19.17396 SELECT * FROM `st_stamm` WHERE `selbst` = '264';
2017-03-10 19:54:19.17414 SELECT * FROM `st_stamm` WHERE `selbst` = '265';
2017-03-10 19:54:19.17431 SELECT * FROM `st_stamm` WHERE `selbst` = '265';
2017-03-10 19:54:19.17449 SELECT * FROM `st_stamm` WHERE `selbst` = '264';
2017-03-10 19:54:19.17467 SELECT * FROM `st_stamm` WHERE `selbst` = '227';
2017-03-10 19:54:19.17485 SELECT * FROM `st_stamm` WHERE `selbst` = '238';
2017-03-10 19:54:19.17503 SELECT * FROM `st_stamm` WHERE `selbst` = '238';
2017-03-10 19:54:19.17521 SELECT * FROM `st_stamm` WHERE `selbst` = '195';
2017-03-10 19:54:19.17539 SELECT * FROM `st_stamm` WHERE `selbst` = '226';
2017-03-10 19:54:19.17557 SELECT * FROM `st_stamm` WHERE `selbst` = '226';
2017-03-10 19:54:19.17577 SELECT * FROM `st_stamm` WHERE `selbst` = '140';
2017-03-10 19:54:19.17595 SELECT * FROM `st_stamm` WHERE `selbst` = '196';
2017-03-10 19:54:19.17612 SELECT * FROM `st_stamm` WHERE `selbst` = '196';
2017-03-10 19:54:19.17630 SELECT * FROM `st_stamm` WHERE `selbst` = '6';
2017-03-10 19:54:19.17648 SELECT * FROM `st_stamm` WHERE `selbst` = '193';
2017-03-10 19:54:19.17665 SELECT * FROM `st_stamm` WHERE `selbst` = '194';
2017-03-10 19:54:19.17686 SELECT * FROM `st_stamm` WHERE `selbst` = '194';
2017-03-10 19:54:19.17705 SELECT * FROM `st_stamm` WHERE `selbst` = '193';
2017-03-10 19:54:19.17723 SELECT * FROM `st_stamm` WHERE `selbst` = '4';
2017-03-10 19:54:19.17742 SELECT * FROM `st_stamm` WHERE `selbst` = '7';
2017-03-10 19:54:19.17759 SELECT * FROM `st_stamm` WHERE `selbst` = '7';
2017-03-10 19:54:19.17778 SELECT * FROM `st_stamm` WHERE `selbst` = '3';
2017-03-10 19:54:19.17797 SELECT * FROM `st_stamm` WHERE `selbst` = '5';
2017-03-10 19:54:19.17814 SELECT * FROM `st_stamm` WHERE `selbst` = '8';
2017-03-10 19:54:19.17832 SELECT * FROM `st_stamm` WHERE `selbst` = '980';
2017-03-10 19:54:19.17850 SELECT * FROM `st_stamm` WHERE `selbst` = '980';
2017-03-10 19:54:19.17868 SELECT * FROM `st_stamm` WHERE `selbst` = '8';
2017-03-10 19:54:19.17886 SELECT * FROM `st_stamm` WHERE `selbst` = '981';
2017-03-10 19:54:19.17903 SELECT * FROM `st_stamm` WHERE `selbst` = '981';
2017-03-10 19:54:19.17921 SELECT * FROM `st_stamm` WHERE `selbst` = '5';
2017-03-10 19:54:19.17939 SELECT * FROM `st_stamm` WHERE `selbst` = '9';
2017-03-10 19:54:19.17956 SELECT * FROM `st_stamm` WHERE `selbst` = '983';
2017-03-10 19:54:19.17974 SELECT * FROM `st_stamm` WHERE `selbst` = '983';
2017-03-10 19:54:19.17992 SELECT * FROM `st_stamm` WHERE `selbst` = '9';
2017-03-10 19:54:19.18010 SELECT * FROM `st_stamm` WHERE `selbst` = '982';
2017-03-10 19:54:19.18027 SELECT * FROM `st_stamm` WHERE `selbst` = '982';
2017-03-10 19:54:19.18046 SELECT * FROM `st_stamm` WHERE `selbst` = '75';
2017-03-10 19:54:19.18064 SELECT * FROM `st_stamm` WHERE `selbst` = '10';
2017-03-10 19:54:19.18084 SELECT * FROM `st_stamm` WHERE `selbst` = '27';
2017-03-10 19:54:19.18102 SELECT * FROM `st_stamm` WHERE `selbst` = '31';
2017-03-10 19:54:19.18119 SELECT * FROM `st_stamm` WHERE `selbst` = '1005';
2017-03-10 19:54:19.18137 SELECT * FROM `st_stamm` WHERE `selbst` = '1007';
2017-03-10 19:54:19.18155 SELECT * FROM `st_stamm` WHERE `selbst` = '1007';
2017-03-10 19:54:19.18173 SELECT * FROM `st_stamm` WHERE `selbst` = '1017';
2017-03-10 19:54:19.18190 SELECT * FROM `st_stamm` WHERE `selbst` = '1027';
2017-03-10 19:54:19.18208 SELECT * FROM `st_stamm` WHERE `selbst` = '1027';
2017-03-10 19:54:19.18226 SELECT * FROM `st_stamm` WHERE `selbst` = '1017';
2017-03-10 19:54:19.18244 SELECT * FROM `st_stamm` WHERE `selbst` = '1028';
2017-03-10 19:54:19.18261 SELECT * FROM `st_stamm` WHERE `selbst` = '1028';
2017-03-10 19:54:19.18279 SELECT * FROM `st_stamm` WHERE `selbst` = '1005';
2017-03-10 19:54:19.18297 SELECT * FROM `st_stamm` WHERE `selbst` = '1008';
2017-03-10 19:54:19.18314 SELECT * FROM `st_stamm` WHERE `selbst` = '1018';
2017-03-10 19:54:19.18332 SELECT * FROM `st_stamm` WHERE `selbst` = '1029';
2017-03-10 19:54:19.18350 SELECT * FROM `st_stamm` WHERE `selbst` = '1029';
2017-03-10 19:54:19.18368 SELECT * FROM `st_stamm` WHERE `selbst` = '1018';
2017-03-10 19:54:19.18385 SELECT * FROM `st_stamm` WHERE `selbst` = '1030';
2017-03-10 19:54:19.18403 SELECT * FROM `st_stamm` WHERE `selbst` = '1030';
2017-03-10 19:54:19.18421 SELECT * FROM `st_stamm` WHERE `selbst` = '1008';
2017-03-10 19:54:19.18438 SELECT * FROM `st_stamm` WHERE `selbst` = '1019';
2017-03-10 19:54:19.18455 SELECT * FROM `st_stamm` WHERE `selbst` = '1031';
2017-03-10 19:54:19.18473 SELECT * FROM `st_stamm` WHERE `selbst` = '1031';
2017-03-10 19:54:19.18498 SELECT * FROM `st_stamm` WHERE `selbst` = '1019';
2017-03-10 19:54:19.18517 SELECT * FROM `st_stamm` WHERE `selbst` = '1032';
2017-03-10 19:54:19.18535 SELECT * FROM `st_stamm` WHERE `selbst` = '1032';
2017-03-10 19:54:19.18554 SELECT * FROM `st_stamm` WHERE `selbst` = '31';
2017-03-10 19:54:19.18572 SELECT * FROM `st_stamm` WHERE `selbst` = '1006';
2017-03-10 19:54:19.18590 SELECT * FROM `st_stamm` WHERE `selbst` = '1009';
2017-03-10 19:54:19.18608 SELECT * FROM `st_stamm` WHERE `selbst` = '1020';
2017-03-10 19:54:19.18626 SELECT * FROM `st_stamm` WHERE `selbst` = '1023';
2017-03-10 19:54:19.18644 SELECT * FROM `st_stamm` WHERE `selbst` = '1023';
2017-03-10 19:54:19.18662 SELECT * FROM `st_stamm` WHERE `selbst` = '1020';
2017-03-10 19:54:19.18680 SELECT * FROM `st_stamm` WHERE `selbst` = '1024';
2017-03-10 19:54:19.18697 SELECT * FROM `st_stamm` WHERE `selbst` = '1025';
2017-03-10 19:54:19.18714 SELECT * FROM `st_stamm` WHERE `selbst` = '1025';
2017-03-10 19:54:19.18732 SELECT * FROM `st_stamm` WHERE `selbst` = '1024';
2017-03-10 19:54:19.18750 SELECT * FROM `st_stamm` WHERE `selbst` = '1009';
2017-03-10 19:54:19.18768 SELECT * FROM `st_stamm` WHERE `selbst` = '1021';
2017-03-10 19:54:19.18785 SELECT * FROM `st_stamm` WHERE `selbst` = '1033';
2017-03-10 19:54:19.18803 SELECT * FROM `st_stamm` WHERE `selbst` = '1033';
2017-03-10 19:54:19.18821 SELECT * FROM `st_stamm` WHERE `selbst` = '1021';
2017-03-10 19:54:19.18839 SELECT * FROM `st_stamm` WHERE `selbst` = '1034';
2017-03-10 19:54:19.18856 SELECT * FROM `st_stamm` WHERE `selbst` = '1035';
2017-03-10 19:54:19.18874 SELECT * FROM `st_stamm` WHERE `selbst` = '1035';
2017-03-10 19:54:19.18896 SELECT * FROM `st_stamm` WHERE `selbst` = '1034';
2017-03-10 19:54:19.18915 SELECT * FROM `st_stamm` WHERE `selbst` = '1006';
2017-03-10 19:54:19.18933 SELECT * FROM `st_stamm` WHERE `selbst` = '1010';
2017-03-10 19:54:19.18956 SELECT * FROM `st_stamm` WHERE `selbst` = '1022';
2017-03-10 19:54:19.18974 SELECT * FROM `st_stamm` WHERE `selbst` = '1052';
2017-03-10 19:54:19.18991 SELECT * FROM `st_stamm` WHERE `selbst` = '1052';
2017-03-10 19:54:19.19009 SELECT * FROM `st_stamm` WHERE `selbst` = '1022';
2017-03-10 19:54:19.19027 SELECT * FROM `st_stamm` WHERE `selbst` = '1053';
2017-03-10 19:54:19.19044 SELECT * FROM `st_stamm` WHERE `selbst` = '1053';
2017-03-10 19:54:19.19062 SELECT * FROM `st_stamm` WHERE `selbst` = '1010';
2017-03-10 19:54:19.19080 SELECT * FROM `st_stamm` WHERE `selbst` = '1026';
2017-03-10 19:54:19.19097 SELECT * FROM `st_stamm` WHERE `selbst` = '1055';
2017-03-10 19:54:19.19115 SELECT * FROM `st_stamm` WHERE `selbst` = '1055';
2017-03-10 19:54:19.19133 SELECT * FROM `st_stamm` WHERE `selbst` = '1026';
2017-03-10 19:54:19.19151 SELECT * FROM `st_stamm` WHERE `selbst` = '27';
2017-03-10 19:54:19.19169 SELECT * FROM `st_stamm` WHERE `selbst` = '32';
2017-03-10 19:54:19.19186 SELECT * FROM `st_stamm` WHERE `selbst` = '1011';
2017-03-10 19:54:19.19204 SELECT * FROM `st_stamm` WHERE `selbst` = '1013';
2017-03-10 19:54:19.19221 SELECT * FROM `st_stamm` WHERE `selbst` = '1063';
2017-03-10 19:54:19.19239 SELECT * FROM `st_stamm` WHERE `selbst` = '1063';
2017-03-10 19:54:19.19257 SELECT * FROM `st_stamm` WHERE `selbst` = '1013';
2017-03-10 19:54:19.19274 SELECT * FROM `st_stamm` WHERE `selbst` = '1064';
2017-03-10 19:54:19.19296 SELECT * FROM `st_stamm` WHERE `selbst` = '1064';
2017-03-10 19:54:19.19314 SELECT * FROM `st_stamm` WHERE `selbst` = '1011';
2017-03-10 19:54:19.19333 SELECT * FROM `st_stamm` WHERE `selbst` = '1014';
2017-03-10 19:54:19.19350 SELECT * FROM `st_stamm` WHERE `selbst` = '1038';
2017-03-10 19:54:19.19367 SELECT * FROM `st_stamm` WHERE `selbst` = '1038';
2017-03-10 19:54:19.19385 SELECT * FROM `st_stamm` WHERE `selbst` = '1014';
2017-03-10 19:54:19.19403 SELECT * FROM `st_stamm` WHERE `selbst` = '1039';
2017-03-10 19:54:19.19420 SELECT * FROM `st_stamm` WHERE `selbst` = '1039';
2017-03-10 19:54:19.19439 SELECT * FROM `st_stamm` WHERE `selbst` = '32';
2017-03-10 19:54:19.19457 SELECT * FROM `st_stamm` WHERE `selbst` = '1012';
2017-03-10 19:54:19.19475 SELECT * FROM `st_stamm` WHERE `selbst` = '1015';
2017-03-10 19:54:19.19492 SELECT * FROM `st_stamm` WHERE `selbst` = '1040';
2017-03-10 19:54:19.19510 SELECT * FROM `st_stamm` WHERE `selbst` = '1040';
2017-03-10 19:54:19.19528 SELECT * FROM `st_stamm` WHERE `selbst` = '1015';
2017-03-10 19:54:19.19547 SELECT * FROM `st_stamm` WHERE `selbst` = '1041';
2017-03-10 19:54:19.19564 SELECT * FROM `st_stamm` WHERE `selbst` = '1042';
2017-03-10 19:54:19.19581 SELECT * FROM `st_stamm` WHERE `selbst` = '1042';
2017-03-10 19:54:19.19600 SELECT * FROM `st_stamm` WHERE `selbst` = '1041';
2017-03-10 19:54:19.19617 SELECT * FROM `st_stamm` WHERE `selbst` = '1043';
2017-03-10 19:54:19.19635 SELECT * FROM `st_stamm` WHERE `selbst` = '1043';
2017-03-10 19:54:19.19653 SELECT * FROM `st_stamm` WHERE `selbst` = '1012';
2017-03-10 19:54:19.19671 SELECT * FROM `st_stamm` WHERE `selbst` = '1016';
2017-03-10 19:54:19.19692 SELECT * FROM `st_stamm` WHERE `selbst` = '1044';
2017-03-10 19:54:19.19711 SELECT * FROM `st_stamm` WHERE `selbst` = '1046';
2017-03-10 19:54:19.19729 SELECT * FROM `st_stamm` WHERE `selbst` = '1046';
2017-03-10 19:54:19.19747 SELECT * FROM `st_stamm` WHERE `selbst` = '1044';
2017-03-10 19:54:19.19765 SELECT * FROM `st_stamm` WHERE `selbst` = '1047';
2017-03-10 19:54:19.19782 SELECT * FROM `st_stamm` WHERE `selbst` = '1047';
2017-03-10 19:54:19.19800 SELECT * FROM `st_stamm` WHERE `selbst` = '1016';
2017-03-10 19:54:19.19818 SELECT * FROM `st_stamm` WHERE `selbst` = '1045';
2017-03-10 19:54:19.19835 SELECT * FROM `st_stamm` WHERE `selbst` = '1048';
2017-03-10 19:54:19.19853 SELECT * FROM `st_stamm` WHERE `selbst` = '1048';
2017-03-10 19:54:19.19871 SELECT * FROM `st_stamm` WHERE `selbst` = '1045';
2017-03-10 19:54:19.19889 SELECT * FROM `st_stamm` WHERE `selbst` = '1049';
2017-03-10 19:54:19.19906 SELECT * FROM `st_stamm` WHERE `selbst` = '1049';
2017-03-10 19:54:19.19925 SELECT * FROM `st_stamm` WHERE `selbst` = '10';
2017-03-10 19:54:19.19942 SELECT * FROM `st_stamm` WHERE `selbst` = '28';
2017-03-10 19:54:19.19960 SELECT * FROM `st_stamm` WHERE `selbst` = '30';
2017-03-10 19:54:19.19977 SELECT * FROM `st_stamm` WHERE `selbst` = '987';
2017-03-10 19:54:19.19995 SELECT * FROM `st_stamm` WHERE `selbst` = '987';
2017-03-10 19:54:19.20013 SELECT * FROM `st_stamm` WHERE `selbst` = '988';
2017-03-10 19:54:19.20030 SELECT * FROM `st_stamm` WHERE `selbst` = '988';
2017-03-10 19:54:19.20048 SELECT * FROM `st_stamm` WHERE `selbst` = '30';
2017-03-10 19:54:19.20066 SELECT * FROM `st_stamm` WHERE `selbst` = '989';
2017-03-10 19:54:19.20087 SELECT * FROM `st_stamm` WHERE `selbst` = '990';
2017-03-10 19:54:19.20106 SELECT * FROM `st_stamm` WHERE `selbst` = '990';
2017-03-10 19:54:19.20124 SELECT * FROM `st_stamm` WHERE `selbst` = '989';
2017-03-10 19:54:19.20142 SELECT * FROM `st_stamm` WHERE `selbst` = '991';
2017-03-10 19:54:19.20159 SELECT * FROM `st_stamm` WHERE `selbst` = '992';
2017-03-10 19:54:19.20204 SELECT * FROM `st_stamm` WHERE `selbst` = '992';
2017-03-10 19:54:19.20240 SELECT * FROM `st_stamm` WHERE `selbst` = '991';
2017-03-10 19:54:19.20268 SELECT * FROM `st_stamm` WHERE `selbst` = '993';
2017-03-10 19:54:19.20296 SELECT * FROM `st_stamm` WHERE `selbst` = '993';
2017-03-10 19:54:19.20325 SELECT * FROM `st_stamm` WHERE `selbst` = '28';
2017-03-10 19:54:19.20352 SELECT * FROM `st_stamm` WHERE `selbst` = '29';
2017-03-10 19:54:19.20379 SELECT * FROM `st_stamm` WHERE `selbst` = '994';
2017-03-10 19:54:19.20407 SELECT * FROM `st_stamm` WHERE `selbst` = '994';
2017-03-10 19:54:19.20435 SELECT * FROM `st_stamm` WHERE `selbst` = '29';
2017-03-10 19:54:19.20462 SELECT * FROM `st_stamm` WHERE `selbst` = '995';
2017-03-10 19:54:19.20495 SELECT * FROM `st_stamm` WHERE `selbst` = '996';
2017-03-10 19:54:19.20522 SELECT * FROM `st_stamm` WHERE `selbst` = '5226';
2017-03-10 19:54:19.20550 SELECT * FROM `st_stamm` WHERE `selbst` = '5226';
2017-03-10 19:54:19.20578 SELECT * FROM `st_stamm` WHERE `selbst` = '996';
2017-03-10 19:54:19.20605 SELECT * FROM `st_stamm` WHERE `selbst` = '1249';
2017-03-10 19:54:19.20633 SELECT * FROM `st_stamm` WHERE `selbst` = '1249';
2017-03-10 19:54:19.20764 SELECT * FROM `st_stamm` WHERE `selbst` = '995';
2017-03-10 19:54:19.20804 SELECT * FROM `st_stamm` WHERE `selbst` = '997';
2017-03-10 19:54:19.20833 SELECT * FROM `st_stamm` WHERE `selbst` = '997';
2017-03-10 19:55:59 zoe.xeo joo336 ##############################################################################################################
2017-03-10 19:55:59.10490 HEL030 Current character set: utf8;
2017-03-10 19:56:33 zoe.xeo joo336 ##############################################################################################################
2017-03-10 19:56:33.91516 HEL030 Current character set: utf8;
2017-03-10 19:56:55 zoe.xeo joo336 ##############################################################################################################
2017-03-10 19:56:55.00765 HEL030 Current character set: utf8;
2017-03-10 19:56:55.00770 SELECT * FROM `st_stamm` WHERE `selbst` = '5172';
2017-03-10 19:56:55.00826 SELECT `ehe` FROM `st_ehen` WHERE `frau`=5172 OR `mann`=5172 ORDER BY `ehezeit`;
2017-03-10 19:56:55.01102 SELECT * FROM `st_ehen` WHERE `ehe` = 987654;;
2017-03-10 19:56:55.01143 SELECT e.ehe, e.mann AS gatte, e.mannname AS ehename, e.ehezeit, e.endezeit, s.sterbezeit FROM st_ehen e, st_stamm s WHERE e.mann=5172 AND e.mann=s.selbst UNION SELECT e.ehe, e.mann AS gatte, e.mannname AS ehename, e.ehezeit, e.endezeit, s.sterbezeit FROM st_ehen e, st_stamm s WHERE e.frau=5172 AND e.mann=s.selbst UNION SELECT e.ehe, e.frau AS gatte, e.frauname AS ehename, e.ehezeit, e.endezeit, s.sterbezeit FROM st_ehen e, st_stamm s WHERE e.mann=5172 AND e.frau=s.selbst UNION SELECT e.ehe, e.frau AS gatte, e.frauname AS ehename, e.ehezeit, e.endezeit, s.sterbezeit FROM st_ehen e, st_stamm s WHERE e.frau=5172 AND e.frau=s.selbst UNION SELECT     0, selbst AS gatte,       name AS ehename, geburtszeit,     NULL,   sterbezeit FROM        st_stamm   WHERE selbst=5172 ORDER BY ehezeit DESC;
2017-03-10 19:56:55.01896 SELECT month( max(anfang)) AS monat FROM st_tierkreis WHERE anfang <(SELECT geburtszeit FROM st_stamm WHERE selbst=5172); ;
2017-03-10 19:56:55.02356 SELECT created, name, con_position, address, suburb, postcode, telephone, email_to, mobile, webpage, checked_out_time, modified, publish_up, publish_down FROM st_contact_details INNER JOIN st_stamm2contact_details ON ( st_contact_details.id = st_stamm2contact_details.id) WHERE selbst = 5172;;
2017-03-10 19:56:55.02436 SELECT * FROM `st_stamm` WHERE `selbst` = '1291';
2017-03-10 19:56:55.02468 SELECT * FROM `st_stamm` WHERE `selbst` = '75';
2017-03-10 19:56:55.02513 SELECT `ehe` FROM `st_ehen` WHERE `frau`=5172 OR `mann`=5172 ORDER BY `ehezeit`;
2017-03-10 19:56:55.02596 SELECT `selbst` FROM `st_stamm` WHERE `mutter`=5172 OR `vater`=5172 ORDER BY `geburtszeit`;
2017-03-10 19:56:55.02910 SELECT `geburtszeit` AS `erg` FROM st_stamm WHERE `selbst`='3999';
2017-03-10 19:57:44 zoe.xeo joo336 ##############################################################################################################
2017-03-10 19:57:44.80977 HEL030 Current character set: utf8;
2017-03-10 19:57:52 zoe.xeo joo336 ##############################################################################################################
2017-03-10 19:57:52.83561 HEL030 Current character set: utf8;
2017-03-10 19:57:52.83566 SELECT * FROM `st_stamm` WHERE `selbst` = '5172';
2017-03-10 19:57:52.83623 SELECT `ehe` FROM `st_ehen` WHERE `frau`=5172 OR `mann`=5172 ORDER BY `ehezeit`;
2017-03-10 19:57:52.83789 SELECT * FROM `st_ehen` WHERE `ehe` = 987654;;
2017-03-10 19:57:52.83817 SELECT e.ehe, e.mann AS gatte, e.mannname AS ehename, e.ehezeit, e.endezeit, s.sterbezeit FROM st_ehen e, st_stamm s WHERE e.mann=5172 AND e.mann=s.selbst UNION SELECT e.ehe, e.mann AS gatte, e.mannname AS ehename, e.ehezeit, e.endezeit, s.sterbezeit FROM st_ehen e, st_stamm s WHERE e.frau=5172 AND e.mann=s.selbst UNION SELECT e.ehe, e.frau AS gatte, e.frauname AS ehename, e.ehezeit, e.endezeit, s.sterbezeit FROM st_ehen e, st_stamm s WHERE e.mann=5172 AND e.frau=s.selbst UNION SELECT e.ehe, e.frau AS gatte, e.frauname AS ehename, e.ehezeit, e.endezeit, s.sterbezeit FROM st_ehen e, st_stamm s WHERE e.frau=5172 AND e.frau=s.selbst UNION SELECT     0, selbst AS gatte,       name AS ehename, geburtszeit,     NULL,   sterbezeit FROM        st_stamm   WHERE selbst=5172 ORDER BY ehezeit DESC;
2017-03-10 19:57:52.84306 SELECT month( max(anfang)) AS monat FROM st_tierkreis WHERE anfang <(SELECT geburtszeit FROM st_stamm WHERE selbst=5172); ;
2017-03-10 19:57:52.84827 SELECT created, name, con_position, address, suburb, postcode, telephone, email_to, mobile, webpage, checked_out_time, modified, publish_up, publish_down FROM st_contact_details INNER JOIN st_stamm2contact_details ON ( st_contact_details.id = st_stamm2contact_details.id) WHERE selbst = 5172;;
2017-03-10 19:57:52.84897 SELECT * FROM `st_stamm` WHERE `selbst` = '1291';
2017-03-10 19:57:52.84930 SELECT * FROM `st_stamm` WHERE `selbst` = '75';
2017-03-10 19:57:52.84960 SELECT `ehe` FROM `st_ehen` WHERE `frau`=5172 OR `mann`=5172 ORDER BY `ehezeit`;
2017-03-10 19:57:52.85036 SELECT `selbst` FROM `st_stamm` WHERE `mutter`=5172 OR `vater`=5172 ORDER BY `geburtszeit`;
2017-03-10 19:57:52.85346 SELECT `geburtszeit` AS `erg` FROM st_stamm WHERE `selbst`='3999';
2017-03-10 20:00:09 zoe.xeo joo336 ##############################################################################################################
2017-03-10 20:00:09.22194 HEL030 Current character set: utf8;
2017-03-10 20:00:09.22199 SELECT * FROM `st_stamm` WHERE `selbst` = '5172';
2017-03-10 20:00:09.22257 SELECT `ehe` FROM `st_ehen` WHERE `frau`=5172 OR `mann`=5172 ORDER BY `ehezeit`;
2017-03-10 20:00:09.22515 SELECT * FROM `st_ehen` WHERE `ehe` = 987654;;
2017-03-10 20:00:09.22551 SELECT e.ehe, e.mann AS gatte, e.mannname AS ehename, e.ehezeit, e.endezeit, s.sterbezeit FROM st_ehen e, st_stamm s WHERE e.mann=5172 AND e.mann=s.selbst UNION SELECT e.ehe, e.mann AS gatte, e.mannname AS ehename, e.ehezeit, e.endezeit, s.sterbezeit FROM st_ehen e, st_stamm s WHERE e.frau=5172 AND e.mann=s.selbst UNION SELECT e.ehe, e.frau AS gatte, e.frauname AS ehename, e.ehezeit, e.endezeit, s.sterbezeit FROM st_ehen e, st_stamm s WHERE e.mann=5172 AND e.frau=s.selbst UNION SELECT e.ehe, e.frau AS gatte, e.frauname AS ehename, e.ehezeit, e.endezeit, s.sterbezeit FROM st_ehen e, st_stamm s WHERE e.frau=5172 AND e.frau=s.selbst UNION SELECT     0, selbst AS gatte,       name AS ehename, geburtszeit,     NULL,   sterbezeit FROM        st_stamm   WHERE selbst=5172 ORDER BY ehezeit DESC;
2017-03-10 20:00:09.23098 SELECT month( max(anfang)) AS monat FROM st_tierkreis WHERE anfang <(SELECT geburtszeit FROM st_stamm WHERE selbst=5172); ;
2017-03-10 20:00:09.23752 SELECT created, name, con_position, address, suburb, postcode, telephone, email_to, mobile, webpage, checked_out_time, modified, publish_up, publish_down FROM st_contact_details INNER JOIN st_stamm2contact_details ON ( st_contact_details.id = st_stamm2contact_details.id) WHERE selbst = 5172;;
2017-03-10 20:00:09.23818 SELECT * FROM `st_stamm` WHERE `selbst` = '1291';
2017-03-10 20:00:09.23849 SELECT * FROM `st_stamm` WHERE `selbst` = '75';
2017-03-10 20:00:09.23879 SELECT `ehe` FROM `st_ehen` WHERE `frau`=5172 OR `mann`=5172 ORDER BY `ehezeit`;
